8 8
162 1 1 1 2 1 3 1 4 1 5 1 6 1 7 1 8 1 9 1 10 1 11 1 12 1 13 1 14 1 15 1 16 1 17 1 18 1 19 1 20 1 21 1 22 1 23 1 24 1 25 1 26 1 27 1 28 1 29 1 30 1 31 1 32 1 33 1 34 1 35 1 36 1 37 1 38 1 39 1 40 2 1 2 8 2 40 3 1 3 8 3 40 4 1 4 8 4 40 5 1 5 40 5 8 6 1 6 8 6 40 7 1 7 8 7 40 8 1 8 40 9 1 9 40 10 1 10 40 11 1 11 40 12 1 12 40 13 1 13 40 14 1 14 40 15 1 15 40 16 1 16 40 17 1 17 40 18 1 18 40 19 1 19 40 20 1 20 40 21 1 21 40 22 1 22 40 23 1 23 40 24 1 24 40 25 1 25 40 26 1 26 40 27 1 27 40 28 1 28 40 29 1 29 40 30 1 30 40 31 1 31 40 32 1 32 40 33 1 33 40 34 1 34 40 35 1 35 40 36 1 36 40 37 1 37 40 38 1 38 40 39 1 39 40 40 1 40 2 40 3 40 4 40 5 40 6 40 7 40 8 40 9 40 10 40 11 40 12 40 13 40 14 40 15 40 16 40 17 40 18 40 19 40 20 40 21 40 22 40 23 40 24 40 25 40 26 40 27 40 28 40 29 40 30 40 31 40 32 40 33 40 34 40 35 40 36 40 37 40 38 40 39 40 40 2 4 3 3 4 4 4 5 4 7 7 5 
4 4 6 5 3 6 4 6 6 
4 2 6 2 7 4 2 7 4
7 2





* * * .....               *
.                         *   
.                         *
*                         *
* * * * * * *             .
* S   *                   .
* S   B   B               . 
*     *     *             .
* * * *   B S             . 
*       B                 .
*     S     P             *
* * * * * * * * * * * ... *
